export const mountSummonRates: Record<number, Record<string, number>> = {
    1: { needed: 2, common: 1.0000 },
    2: { needed: 5, common: 0.995, rare: 0.005 },
    3: { needed: 8, common: 0.9931, rare: 0.0069 },
    4: { needed: 11, common: 0.9905, rare: 0.0095 },
    5: { needed: 14, common: 0.9869, rare: 0.0131 },
    6: { needed: 17, common: 0.9819, rare: 0.0181 },
    7: { needed: 20, common: 0.975, rare: 0.025 },
    8: { needed: 23, common: 0.9655, rare: 0.0345 },
    9: { needed: 26, common: 0.95, rare: 0.05 },
    10: { needed: 29, common: 0.929, rare: 0.07, epic: 0.001 },
    11: { needed: 32, common: 0.9002, rare: 0.098, epic: 0.0018 },
    12: { needed: 35, common: 0.8596, rare: 0.1372, epic: 0.0032 },
    13: { needed: 38, common: 0.8021, rare: 0.1921, epic: 0.0058 },
    14: { needed: 41, common: 0.7206, rare: 0.2689, epic: 0.0105 },
    15: { needed: 44, common: 0.6046, rare: 0.3765, epic: 0.0189 },
    16: { needed: 47, common: 0.4389, rare: 0.5271, epic: 0.034 },
    17: { needed: 50, common: 0.3511, rare: 0.5989, epic: 0.05 },
    18: { needed: 53, common: 0.2809, rare: 0.6481, epic: 0.07, legendary: 0.001 },
    19: { needed: 56, common: 0.2247, rare: 0.6755, epic: 0.098, legendary: 0.0018 },
    20: { needed: 59, common: 0.1798, rare: 0.6798, epic: 0.1372, legendary: 0.0032 },
    21: { needed: 62, common: 0.165, rare: 0.6371, epic: 0.1921, legendary: 0.0058 },
    22: { needed: 65, common: 0.165, rare: 0.5556, epic: 0.2689, legendary: 0.0105 },
    23: { needed: 68, common: 0.165, rare: 0.4396, epic: 0.3765, legendary: 0.0189 },
    24: { needed: 71, common: 0.165, rare: 0.2739, epic: 0.5271, legendary: 0.034 },
    25: { needed: 74, common: 0.165, rare: 0.165, epic: 0.62, legendary: 0.05 },
    26: { needed: 77, common: 0.165, rare: 0.165, epic: 0.599, legendary: 0.07, ultimate: 0.001 },
    27: { needed: 80, common: 0.165, rare: 0.165, epic: 0.5702, legendary: 0.098, ultimate: 0.0018 },
    28: { needed: 83, common: 0.165, rare: 0.165, epic: 0.5296, legendary: 0.1372, ultimate: 0.0032 },
    29: { needed: 86, common: 0.165, rare: 0.165, epic: 0.4721, legendary: 0.1921, ultimate: 0.0058 },
    30: { needed: 89, common: 0.165, rare: 0.165, epic: 0.3906, legendary: 0.2689, ultimate: 0.0105 },
    31: { needed: 92, common: 0.165, rare: 0.165, epic: 0.2746, legendary: 0.3765, ultimate: 0.0189 },
    32: { needed: 95, common: 0.165, rare: 0.165, epic: 0.165, legendary: 0.471, ultimate: 0.034 },
    33: { needed: 98, common: 0.165, rare: 0.165, epic: 0.165, legendary: 0.455, ultimate: 0.05 },
    34: { needed: 132, common: 0.165, rare: 0.165, epic: 0.165, legendary: 0.434, ultimate: 0.07, mythic: 0.001 },
    35: { needed: 166, common: 0.165, rare: 0.165, epic: 0.165, legendary: 0.4052, ultimate: 0.098, mythic: 0.0018 },
    36: { needed: 200, common: 0.165, rare: 0.165, epic: 0.165, legendary: 0.3646, ultimate: 0.1372, mythic: 0.0032 },
    37: { needed: 234, common: 0.165, rare: 0.165, epic: 0.165, legendary: 0.3071, ultimate: 0.1921, mythic: 0.0058 },
    38: { needed: 268, common: 0.165, rare: 0.165, epic: 0.165, legendary: 0.2256, ultimate: 0.2689, mythic: 0.0105 },
    39: { needed: 302, common: 0.165, rare: 0.165, epic: 0.165, legendary: 0.165, ultimate: 0.3211, mythic: 0.0189 },
    40: { needed: 336, common: 0.165, rare: 0.165, epic: 0.165, legendary: 0.165, ultimate: 0.306, mythic: 0.034 },
    41: { needed: 370, common: 0.165, rare: 0.165, epic: 0.165, legendary: 0.165, ultimate: 0.29, mythic: 0.05 },
    42: { needed: 404, common: 0.165, rare: 0.165, epic: 0.165, legendary: 0.165, ultimate: 0.283, mythic: 0.057 },
    43: { needed: 438, common: 0.165, rare: 0.165, epic: 0.165, legendary: 0.165, ultimate: 0.275, mythic: 0.065 },
    44: { needed: 472, common: 0.165, rare: 0.165, epic: 0.165, legendary: 0.165, ultimate: 0.2659, mythic: 0.0741 },
    45: { needed: 506, common: 0.165, rare: 0.165, epic: 0.165, legendary: 0.165, ultimate: 0.2556, mythic: 0.0844 },
    46: { needed: 540, common: 0.165, rare: 0.165, epic: 0.165, legendary: 0.165, ultimate: 0.2437, mythic: 0.0963 },
    47: { needed: 574, common: 0.165, rare: 0.165, epic: 0.165, legendary: 0.165, ultimate: 0.2303, mythic: 0.1097 },
    48: { needed: 608, common: 0.165, rare: 0.165, epic: 0.165, legendary: 0.165, ultimate: 0.2149, mythic: 0.1251 },
    49: { needed: 642, common: 0.165, rare: 0.165, epic: 0.165, legendary: 0.165, ultimate: 0.1974, mythic: 0.1426 },
    50: { needed: 999999, common: 0.175, rare: 0.165, epic: 0.165, legendary: 0.165, ultimate: 0.165, mythic: 0.165 } // Needed set to high/max
};

export const mountWarPoints: Record<string, number> = {
    common: 400,
    rare: 600,
    epic: 900,
    legendary: 1350,
    ultimate: 2000,
    mythic: 3000
};

export const WINDERS_PER_SUMMON = 50;
